UNIT_START,ID,CLOCK_START,BYTES_START,UNIT_END,ID2,CLOCK_END,BYTES_END
199628710,0,785,32,199644612,0,789,4736
200751044,1,1088,32,200770220,1,1094,4736
201948246,2,1412,32,201962370,2,1416,4736
203087056,3,1720,32,203101154,3,1724,4512
204222844,4,2028,32,204236738,4,2032,4512
205358450,5,2335,32,205372996,5,2339,4512
206496368,6,2643,32,206510258,6,2647,4512
207632012,7,2950,32,207646294,7,2954,4512
208772066,8,3259,32,208785112,8,3262,4864
209918982,9,3569,32,209932496,9,3573,4864
211062612,10,3878,32,211075992,10,3882,4864
212232796,11,4195,32,212246376,11,4199,4864
213376756,12,4504,32,213389730,12,4508,4864
214531428,13,4817,32,214544656,13,4820,4864
215670092,14,5125,32,215683176,14,5129,4768
216812758,15,5434,32,216826594,15,5438,4672
217960026,16,5744,32,217973316,16,5748,4704
219114710,17,6057,32,219128240,17,6061,4704
220263142,18,6368,32,220276500,18,6371,4800
221407508,19,6677,32,221420972,19,6681,4800
222562150,20,6990,32,222575444,20,6993,4800
223705336,21,7299,32,223718874,21,7303,4800
224852084,22,7609,32,224864686,22,7613,4864
226000548,23,7920,32,226013182,23,7923,4864
227252426,24,8244,32,227265308,24,8247,4864
228410602,25,8557,32,228423460,25,8561,4928
229562704,26,8869,32,229575378,26,8872,4928
230718542,27,9182,32,230731138,27,9185,4928
231859496,28,9490,32,231871864,28,9494,4928
233004840,29,9800,32,233017290,29,9804,4928
234160386,30,10113,32,234172814,30,10116,4928
235309962,31,10424,32,235324314,31,10428,4480
236466868,32,10737,32,236480986,32,10741,4544
237803198,33,11098,32,237824792,33,11104,4544
239148670,34,11462,32,239169408,34,11468,4544
240354226,35,11788,32,240368600,35,11793,4544
241599796,36,12126,32,241616036,36,12130,4544
242825860,37,12457,32,242840332,37,12461,4544
243977006,38,12769,32,243991744,38,12773,4352
245124670,39,13079,32,245139470,39,13083,4352
246280556,40,13392,32,246295176,40,13396,4352
247432674,41,13704,32,247447454,41,13708,4384
248573378,42,14012,32,248587936,42,14017,4384
249734576,43,14327,32,249749110,43,14331,4384
250878734,44,14636,32,250893390,44,14640,4384
252040526,45,14951,32,252054962,45,14955,4384
253194626,46,15263,32,253209098,46,15267,4384
254350488,47,15576,32,254365004,47,15580,4384
255492510,48,15885,32,255506906,48,15889,4384
256721762,49,16217,32,256736738,49,16221,4384
257864466,50,16526,32,257878850,50,16530,4384
259016952,51,16838,32,259031310,51,16842,4384
260164006,52,17148,32,260179056,52,17153,4384
261312258,53,17459,32,261326610,53,17463,4608
262469000,54,17772,32,262482246,54,17776,4608
263628016,55,18086,32,263641660,55,18089,4608
264776154,56,18396,32,264789934,56,18400,4576
265916860,57,18705,32,265930356,57,18709,4576
267064162,58,19015,32,267077462,58,19019,4576
268225006,59,19330,32,268239144,59,19333,4576
269383496,60,19643,32,269396872,60,19647,4576
270532640,61,19954,32,270546284,61,19958,4576
271723836,62,20276,32,271737072,62,20280,4736
272878028,63,20588,32,272891942,63,20592,4576
274017976,64,20897,32,274032156,64,20901,4576
275167906,65,21208,32,275181942,65,21212,4576
276319604,66,21520,32,276333434,66,21523,4576
277468196,67,21830,32,277481916,67,21834,4576
278658248,68,22152,32,278672626,68,22156,4576
279840026,69,22472,32,279853678,69,22476,4832
280984312,70,22782,32,280997504,70,22785,4896
282129190,71,23091,32,282142360,71,23095,4896
283291372,72,23406,32,283303974,72,23409,4960
284436510,73,23716,32,284449470,73,23719,4960
285585398,74,24027,32,285597608,74,24030,4960
286765628,75,24346,32,286778532,75,24349,4960
287913960,76,24657,32,287926132,76,24660,5088
289066962,77,24969,32,289079842,77,24972,4992
290208204,78,25277,32,290220908,78,25281,4992
291360142,79,25589,32,291378930,79,25594,4864
292661256,80,25941,32,292676678,80,25945,4736
293887132,81,26273,32,293901836,81,26277,4736
295046384,82,26586,32,295059838,82,26590,4736
296192982,83,26897,32,296206174,83,26900,4800
297336110,84,27206,32,297349120,84,27209,4800
298473508,85,27514,32,298486506,85,27517,4800
299631540,86,27827,32,299644698,86,27831,4768
300779484,87,28138,32,300792710,87,28141,4768
302013210,88,28471,32,302026712,88,28475,4768
303156726,89,28781,32,303169272,89,28784,4992
304311102,90,29093,32,304323352,90,29096,4992
3605741760,0,1060,32,3605759800,0,1066,4544
3606896924,1,1373,32,3606912702,1,1377,4544
3608054814,2,1686,32,3608069548,2,1690,4544
3609209586,3,1999,32,3609224642,3,2003,4544
3610364426,4,2311,32,3610378904,4,2315,4544
3611522218,5,2625,32,3611537000,5,2629,4544
3612733926,6,2952,32,3612749684,6,2957,4352
3613896572,7,3267,32,3613912198,7,3271,4192
3615066044,8,3583,32,3615082008,8,3588,4192
3616228988,9,3898,32,3616244280,9,3902,4192
3617386416,10,4211,32,3617401676,10,4215,4192
3618555414,11,4528,32,3618571340,11,4532,4032
3619753376,12,4852,32,3619769530,12,4856,4032
3620914990,13,5166,32,3620930804,13,5170,4032
3622073768,14,5479,32,3622089390,14,5484,4032
3623238718,15,5795,32,3623254646,15,5799,4032
3624397496,16,6108,32,3624412912,16,6112,4032
3625557804,17,6422,32,3625573336,17,6426,4256
3626723314,18,6737,32,3626738244,18,6742,4256
3627897580,19,7055,32,3627913000,19,7059,4256
3629055438,20,7368,32,3629070264,20,7372,4256
3630218932,21,7683,32,3630234132,21,7687,4256
3631384048,22,7998,32,3631398522,22,8002,4256
3632556602,23,8316,32,3632571764,23,8320,4256
3633792674,24,8650,32,3633807564,24,8654,4256
3634952820,25,8964,32,3634968270,25,8968,4256
3636105038,26,9276,32,3636119336,26,9280,4256
3637264764,27,9590,32,3637279202,27,9594,4480
3638440338,28,9908,32,3638454426,28,9911,4480
3639600928,29,10222,32,3639615844,29,10226,4480
3640769104,30,10538,32,3640782744,30,10541,4672
3641935994,31,10853,32,3641949982,31,10857,4672
3643398922,32,11248,32,3643419576,32,11255,4672
3644694586,33,11600,32,3644714322,33,11605,4672
3645932974,34,11935,32,3645953098,34,11940,4672
3647157296,35,12266,32,3647177600,35,12272,4672
3648375622,36,12596,32,3648394680,36,12601,4672
3649597766,37,12926,32,3649618296,37,12932,4608
3650819064,38,13257,32,3650839012,38,13262,4608
3652034234,39,13586,32,3652053618,39,13591,4608
3653255868,40,13916,32,3653275650,40,13921,4608
3654466742,41,14244,32,3654486650,41,14249,4608
3655684752,42,14573,32,3655704426,42,14579,4608
3656931718,43,14911,32,3656952214,43,14916,4608
3658146504,44,15239,32,3658166682,44,15245,4608
3659367112,45,15570,32,3659387510,45,15575,4608
3660577232,46,15897,32,3660596982,46,15902,4608
3661787970,47,16225,32,3661808366,47,16230,4608
3662991984,48,16550,32,3663012198,48,16556,4608
3664200116,49,16877,32,3664218652,49,16882,4864
3665416044,50,17206,32,3665433850,50,17211,4864
3666636970,51,17537,32,3666655058,51,17541,4992
3667854694,52,17866,32,3667872434,52,17871,4992
3669070916,53,18195,32,3669088850,53,18200,4992
3670303750,54,18529,32,3670321500,54,18533,4992
3671513350,55,18856,32,3671531308,55,18861,4992
3672791636,56,19202,32,3672809964,56,19207,5088
3674018350,57,19534,32,3674035436,57,19538,5088
3675327506,58,19888,32,3675346678,58,19893,5088
3676549210,59,20218,32,3676566900,59,20223,5088
3677767914,60,20548,32,3677785776,60,20553,5088
3678988338,61,20878,32,3679007358,61,20884,4992
3680198236,62,21206,32,3680216430,62,21211,4992
3681412714,63,21534,32,3681431150,63,21539,4992
3682624762,64,21862,32,3682641830,64,21867,4992
3683852298,65,22194,32,3683870764,65,22199,4992
3685071710,66,22524,32,3685089194,66,22529,4992
3686287262,67,22853,32,3686305504,67,22858,4992
3687521896,68,23187,32,3687540278,68,23192,4992
3688727000,69,23513,32,3688745346,69,23518,4992
3689946484,70,23843,32,3689964472,70,23848,4992
3691153538,71,24170,32,3691171200,71,24175,4992
3692433892,72,24516,32,3692451068,72,24521,4992
3693659668,73,24848,32,3693677024,73,24853,4992
3694882840,74,25179,32,3694901930,74,25184,4768
3696097062,75,25507,32,3696116542,75,25513,4800
3697359802,76,25849,32,3697385846,76,25856,4800
3699011582,77,26295,32,3699031968,77,26301,4800
3700261858,78,26634,32,3700277266,78,26638,4800
3701463560,79,26959,32,3701477950,79,26963,4800
3702632026,80,27276,32,3702645974,80,27279,4736
3703804792,81,27593,32,3703819178,81,27597,4736
3704970482,82,27908,32,3704984100,82,27912,4736
3706127442,83,28221,32,3706142004,83,28225,4736
3707288838,84,28535,32,3707302398,84,28539,4736
3708470018,85,28855,32,3708483914,85,28859,4736
3709639308,86,29171,32,3709653172,86,29175,4736
3710802402,87,29486,32,3710816230,87,29490,4832
3711977724,88,29804,32,3711991224,88,29808,4800
3713143790,89,30120,32,3713157616,89,30123,4800
3714313538,90,30436,32,3714326412,90,30440,4800
3715480422,91,30752,32,3715494634,91,30756,4800
3716665342,92,31072,32,3716678914,92,31076,4800
3717834516,93,31389,32,3717848378,93,31393,4800
2643391390,0,921,32,2643415724,0,928,4480
2644743382,1,1287,32,2644766986,1,1294,4192
2645940656,2,1611,32,2645962924,2,1617,4288
2647145304,3,1937,32,2647167046,3,1943,4288
2648343298,4,2261,32,2648364938,4,2267,4288
2649543664,5,2586,32,2649565140,5,2592,4288
2650738470,6,2909,32,2650759648,6,2915,4288
2651941832,7,3235,32,2651964414,7,3241,4128
2653139494,8,3559,32,2653162178,8,3565,4128
2654362180,9,3890,32,2654384032,9,3896,4128
2655586590,10,4221,32,2655610140,10,4227,4128
2656805476,11,4551,32,2656827684,11,4557,4128
2658026658,12,4881,32,2658049368,12,4887,4128
2659290442,13,5223,32,2659312470,13,5229,4128
2660504640,14,5551,32,2660526934,14,5558,4128
2661702138,15,5876,32,2661724430,15,5882,4128
2662907718,16,6202,32,2662929418,16,6208,4128
2664103638,17,6525,32,2664125730,17,6531,4128
2665317820,18,6854,32,2665340250,18,6860,4128
2666510344,19,7177,32,2666532652,19,7183,4128
2667721760,20,7504,32,2667744488,20,7510,4128
2668934118,21,7832,32,2668956858,21,7839,4128
2670245002,22,8187,32,2670265502,22,8193,4128
2671441112,23,8511,32,2671457966,23,8515,4128
2672612780,24,8828,32,2672629564,24,8832,4128
2673850520,25,9163,32,2673867260,25,9167,4128
2675022882,26,9480,32,2675039150,26,9484,4128
2676188446,27,9795,32,2676205074,27,9800,4128
2677370746,28,10115,32,2677388296,28,10120,4128
2678572262,29,10440,32,2678588214,29,10444,4128
2679744928,30,10757,32,2679760728,30,10762,4256
2681570694,31,11250,32,2681605968,31,11261,4320
2683629236,32,11807,32,2683657198,32,11816,4320
2685338820,33,12270,32,2685362168,33,12277,4320
2686544422,34,12597,32,2686568466,34,12604,4352
2687761476,35,12926,32,2687783236,35,12932,4352
2689081158,36,13283,32,2689103388,36,13289,4352
2690287842,37,13610,32,2690310024,37,13616,4352
2691487282,38,13934,32,2691509098,38,13940,4352
2692703950,39,14264,32,2692724696,39,14269,4352
2693907684,40,14589,32,2693929024,40,14595,4352
2695112314,41,14915,32,2695133748,41,14921,4352
2696333736,42,15246,32,2696354630,42,15251,4352
2697540694,43,15572,32,2697562216,43,15578,4352
2698762554,44,15903,32,2698784930,44,15909,4256
2700017774,45,16242,32,2700039784,45,16248,4256
2701216030,46,16567,32,2701237238,46,16572,4256
2702413320,47,16891,32,2702435482,47,16897,4256
2703702786,48,17239,32,2703724272,48,17245,4256
2704909554,49,17566,32,2704931714,49,17572,4256
2706130450,50,17896,32,2706152450,50,17902,4256
2707328344,51,18220,32,2707349624,51,18226,4256
2708526434,52,18545,32,2708547860,52,18550,4256
2709744250,53,18874,32,2709766366,53,18880,4256
2710946830,54,19199,32,2710967812,54,19205,4256
2712144380,55,19523,32,2712166622,55,19529,4320
2713373132,56,19856,32,2713395362,56,19862,4064
2714705960,57,20216,32,2714724458,57,20222,4064
2715906228,58,20541,32,2715922562,58,20546,4064
2717070728,59,20856,32,2717087366,59,20861,4064
2718325664,60,21196,32,2718343600,60,21201,4064
2719493900,61,21512,32,2719510310,61,21516,4064
2720658080,62,21827,32,2720674826,62,21832,4064
2721828486,63,22144,32,2721844794,63,22148,4064
2722986102,64,22457,32,2723001678,64,22461,4064
2724166006,65,22776,32,2724182008,65,22780,4064
2725326164,66,23090,32,2725341458,66,23094,4064
2726490098,67,23405,32,2726506834,67,23409,4064
2727709340,68,23735,32,2727726606,68,23739,4064
2728884358,69,24053,32,2728901198,69,24057,4064
2730143072,70,24393,32,2730159510,70,24398,4064
2731339862,71,24717,32,2731356986,71,24722,4064
2732505974,72,25033,32,2732522048,72,25037,4064
2733737472,73,25366,32,2733753956,73,25370,4064
2734916394,74,25685,32,2734933218,74,25689,4224
2736120668,75,26011,32,2736136774,75,26015,4224
2737497070,76,26383,32,2737529754,76,26392,4224
2738785284,77,26731,32,2738808528,77,26738,4224
2739999348,78,27060,32,2740021582,78,27066,4224
2741217304,79,27389,32,2741239522,79,27396,4224
2742472276,80,27729,32,2742496172,80,27735,4224
2743727182,81,28068,32,2743748768,81,28074,4352
2744992318,82,28410,32,2745014598,82,28417,4352
2746238004,83,28748,32,2746260140,83,28754,4352
2747570130,84,29108,32,2747592082,84,29114,4352
2748977710,85,29471,32,2748999556,85,29477,4352
2750396484,86,29838,32,2750417936,86,29844,4352
2751818284,87,30207,32,2751839924,87,30213,4352
2753238716,88,30575,32,2753260236,88,30581,4352
2754660696,89,30943,32,2754682412,89,30949,4352
2756078376,90,31310,32,2756098172,90,31316,4672
2757468054,91,31672,32,2757528666,91,31685,4672
2758850722,92,32033,32,2758909674,92,32045,4672
2760263774,93,32398,32,2760285346,93,32404,4672
2761690760,94,32767,32,2761748798,94,32780,4672
2763166912,95,33146,32,2763182724,95,33151,4672
2764540034,96,33505,32,2764559866,96,33510,4672
2765952562,97,33870,32,2765973536,97,33876,4672
2767370388,98,34237,32,2767390358,98,34242,4576
2768788368,99,34605,32,2768809588,99,34611,4576
2770199424,100,34970,32,2770219994,100,34976,4576
2771625300,101,35338,32,2771647500,101,35344,4576
2773016190,102,35700,32,2773036902,102,35706,4576
1592602576,0,985,32,1592625272,0,992,4576
1593810424,1,1312,32,1593831430,1,1318,4576
1595014922,2,1638,32,1595035460,2,1644,4576
1596219664,3,1964,32,1596239842,3,1969,4576
1597423628,4,2290,32,1597443310,4,2295,4576
1598626444,5,2615,32,1598646772,5,2621,4576
1599846022,6,2945,32,1599865626,6,2951,4576
1601065878,7,3275,32,1601085942,7,3281,4512
1602381340,8,3631,32,1602402348,8,3637,4512
1603888456,9,4038,32,1603906524,9,4044,4512
1605066368,10,4358,32,1605081762,10,4362,4512
1606240996,11,4675,32,1606255876,11,4680,4576
1607459300,12,5005,32,1607474498,12,5009,4608
1608632692,13,5323,32,1608646960,13,5327,4608
1609804976,14,5640,32,1609820004,14,5644,4608
1610996050,15,5962,32,1611010962,15,5966,4608
1612195232,16,6287,32,1612208836,16,6290,4608
1613360158,17,6602,32,1613374104,17,6606,4608
1614534852,18,6919,32,1614548320,18,6923,4576
1615740448,19,7246,32,1615754886,19,7250,4640
1616976822,20,7580,32,1616991066,20,7584,4640
1618221170,21,7917,32,1618234802,21,7921,4640
1619402098,22,8236,32,1619415262,22,8240,4640
1620586952,23,8557,32,1620600890,23,8561,4640
1621781958,24,8880,32,1621796076,24,8884,4640
1623108630,25,9239,32,1623124914,25,9244,4576
1624352008,26,9576,32,1624369554,26,9580,4576
1625578020,27,9907,32,1625592554,27,9911,4576
1626755460,28,10226,32,1626769238,28,10230,4576
1627929390,29,10544,32,1627943794,29,10547,4576
1629119990,30,10866,32,1629134914,30,10870,4576
1631186306,31,11424,32,1631222210,31,11434,4576
1633254934,32,11984,32,1633278066,32,11991,4576
1634667504,33,12366,32,1634689702,33,12373,4576
1635891876,34,12698,32,1635912228,34,12703,4576
1637108720,35,13027,32,1637129890,35,13033,4448
1638337834,36,13360,32,1638357832,36,13365,4544
1639546164,37,13687,32,1639566376,37,13692,4544
1640755004,38,14014,32,1640774126,38,14019,4544
1641979958,39,14345,32,1642000404,39,14351,4544
1643192498,40,14673,32,1643212334,40,14679,4448
1644506878,41,15029,32,1644527342,41,15034,4448
1645724132,42,15358,32,1645744052,42,15364,4576
1646995662,43,15702,32,1647015420,43,15708,4576
1648209890,44,16031,32,1648229796,44,16036,4576
1649419148,45,16358,32,1649439142,45,16363,4576
1650628858,46,16685,32,1650648298,46,16690,4576
1651857454,47,17018,32,1651877590,47,17023,4576
1653061610,48,17343,32,1653081290,48,17349,4576
1654284576,49,17674,32,1654303052,49,17679,4832
1655517528,50,18008,32,1655535836,50,18013,4832
1656738606,51,18338,32,1656758098,51,18344,4832
1657952928,52,18667,32,1657970950,52,18672,4832
1659191954,53,19002,32,1659210764,53,19007,4960
1660432362,54,19338,32,1660451110,54,19343,4960
1661765628,55,19698,32,1661783866,55,19703,4960
1662996452,56,20031,32,1663015510,56,20037,4960
1664284446,57,20380,32,1664301884,57,20385,4960
1665507082,58,20711,32,1665525656,58,20716,4960
1666721946,59,21039,32,1666740754,59,21045,4896
1667941316,60,21369,32,1667959774,60,21374,4896
1669157912,61,21698,32,1669176412,61,21703,4896
1670384218,62,22030,32,1670401798,62,22035,4896
1671598376,63,22359,32,1671616208,63,22364,4896
1672823048,64,22690,32,1672841508,64,22695,4896
1674062532,65,23025,32,1674080808,65,23030,4896
1675299742,66,23360,32,1675319624,66,23366,4896
1676574414,67,23705,32,1676592902,67,23710,4896
1677810428,68,24039,32,1677828968,68,24045,4896
1679030120,69,24370,32,1679047938,69,24374,4896
1680257888,70,24702,32,1680276274,70,24707,4896
1681500036,71,25038,32,1681517854,71,25043,4896
1682732524,72,25371,32,1682751120,72,25376,4896
1683943254,73,25699,32,1683961968,73,25704,4896
1685161382,74,26028,32,1685179818,74,26033,4896
1686405664,75,26365,32,1686423914,75,26370,4896
1687821594,76,26748,32,1687845458,76,26755,4896
1689081426,77,27088,32,1689101320,77,27094,4896
1690528128,78,27480,32,1690549372,78,27486,4896
1691780762,79,27819,32,1691801036,79,27825,4832
1693060522,80,28165,32,1693082020,80,28171,4736
1694294108,81,28499,32,1694313466,81,28505,4736
1695684688,82,28859,32,1695743214,82,28872,4736
1697101068,83,29226,32,1697158914,83,29238,4736
1698650544,84,29627,32,1698672246,84,29632,4736
1700081452,85,29997,32,1700102530,85,30003,4736
1701503894,86,30364,32,1701523524,86,30370,4736
1702946870,87,30738,32,1702967494,87,30744,4832
1704387512,88,31109,32,1704407092,88,31115,4864
1705899602,89,31496,32,1705921178,89,31502,4576
1707333946,90,31858,32,1707350800,90,31870,4576
1708750518,91,32233,32,1708771248,91,32239,4576
566789248,0,1080,32,566812160,0,1086,4896
568004816,1,1409,32,568025128,1,1414,4896
569212198,2,1735,32,569230002,2,1740,5248
570444576,3,2069,32,570463184,3,2074,5088
571643602,4,2393,32,571661974,4,2398,5024
572862258,5,2723,32,572882782,5,2729,5024
574152314,6,3072,32,574170792,6,3077,5024
575362594,7,3400,32,575381230,7,3405,4864
576685692,8,3758,32,576705538,8,3763,4864
577898826,9,4086,32,577918080,9,4091,4864
579116254,10,4415,32,579135434,10,4420,4864
580338624,11,4746,32,580357988,11,4751,4864
581538610,12,5071,32,581557740,12,5076,4864
582757982,13,5401,32,582776312,13,5406,4992
583999812,14,5736,32,584017764,14,5741,4992
585228478,15,6069,32,585247206,15,6074,4992
586471028,16,6405,32,586489338,16,6410,4992
587690158,17,6735,32,587708526,17,6740,4992
588956104,18,7078,32,588974098,18,7082,4992
590182868,19,7409,32,590202036,19,7415,4992
591387436,20,7735,32,591405938,20,7740,4992
592607074,21,8065,32,592625680,21,8070,4992
593817306,22,8393,32,593835354,22,8398,4992
595041694,23,8724,32,595060406,23,8729,5024
596254074,24,9052,32,596271836,24,9057,5024
597459358,25,9378,32,597478636,25,9383,5024
598676376,26,9707,32,598695024,26,9713,5024
599881610,27,10034,32,599900816,27,10039,5024
601104096,28,10364,32,601122596,28,10369,5024
602319336,29,10693,32,602337882,29,10698,5024
603699316,30,11066,32,603717594,30,11072,5056
605840096,31,11645,32,605866000,31,11653,5056
607870738,32,12195,32,607892406,32,12201,5024
609113032,33,12531,32,609133118,33,12537,5024
610320530,34,12858,32,610339108,34,12863,5024
611554624,35,13192,32,611573380,35,13197,5024
612795274,36,13528,32,612814610,36,13533,5024
614012586,37,13857,32,614031592,37,13862,5024
615234802,38,14188,32,615252350,38,14192,5024
616483540,39,14525,32,616502674,39,14531,5024
617861392,40,14898,32,617881804,40,14904,5024
619135892,41,15243,32,619154704,41,15248,5024
620347410,42,15571,32,620366548,42,15576,5024
621561072,43,15899,32,621579746,43,15904,5024
622782126,44,16230,32,622800014,44,16234,5024
623994846,45,16558,32,624012998,45,16563,5024
625212720,46,16887,32,625231060,46,16892,5024
626431042,47,17217,32,626450336,47,17222,5024
627656660,48,17548,32,627674964,48,17553,5024
628872068,49,17877,32,628890552,49,17882,5024
630087828,50,18206,32,630105964,50,18211,5024
631341370,51,18545,32,631359936,51,18550,5088
632568802,52,18878,32,632586644,52,18882,5088
633844386,53,19223,32,633862602,53,19228,5088
635078522,54,19557,32,635096916,54,19562,5184
636344104,55,19899,32,636362920,55,19904,5184
637722012,56,20272,32,637737726,56,20276,5184
638898818,57,20590,32,638911780,57,20594,5184
640066286,58,20906,32,640078536,58,20909,5184
641242844,59,21224,32,641256010,59,21228,5184
642425164,60,21544,32,642437558,60,21548,5184
643586228,61,21858,32,643599074,61,21862,5152
644792568,62,22185,32,644807524,62,22189,5088
646012820,63,22515,32,646026770,63,22519,5088
647186624,64,22833,32,647198760,64,22836,5088
648403580,65,23162,32,648416180,65,23165,5088
649575104,66,23479,32,649588080,66,23482,4992
650768538,67,23802,32,650781982,67,23805,4992
651997360,68,24134,32,652011538,68,24138,4992
653229380,69,24467,32,653244752,69,24472,4992
654480996,70,24806,32,654495182,70,24810,4992
655732164,71,25145,32,655746254,71,25149,4992
656964492,72,25478,32,656977564,72,25482,4992
658417980,73,25845,32,658431548,73,25849,4992
659760720,74,26194,32,659773538,74,26197,4992
661292080,75,26592,32,661307542,75,26596,4992
662771998,76,26974,32,662791972,76,26979,4992
664210092,77,27346,32,664229530,77,27351,4992
665635734,78,27715,32,665654094,78,27720,4992
667022548,79,28076,32,667047476,79,28083,4992
668453464,80,28447,32,668473284,80,28452,4736
669876882,81,28814,32,669897374,81,28819,4736
671293630,82,29180,32,671314664,82,29185,4736
672711130,83,29546,32,672731840,83,29551,4736
674130458,84,29912,32,674152040,84,29918,4384
675539038,85,30276,32,675561660,85,30282,4384
677021946,86,30660,32,677043240,86,30666,4384
678464626,87,31037,32,678487036,87,31043,4384
309741970,0,1227,32,309765506,0,1233,4992
312116160,1,1869,32,312135438,1,1875,4992
314453804,2,2502,32,314472714,2,2507,4992
316795298,3,3135,32,316815518,3,3141,4992
319133110,4,3768,32,319153280,4,3773,4992
321520634,5,4414,32,321539966,5,4419,4992
323891846,6,5055,32,323909784,6,5060,4992
326284302,7,5703,32,326306646,7,5709,4992
328676794,8,6350,32,328695268,8,6355,4992
331105968,9,7007,32,331125104,9,7013,4864
333469068,10,7647,32,333488714,10,7652,4864
335842352,11,8289,32,335861864,11,8294,4864
338136792,12,8909,32,338155810,12,8915,4832
340423102,13,9528,32,340442518,13,9533,4832
342742260,14,10155,32,342760916,14,10161,4832
345214260,15,10824,32,345233856,15,10830,4832
347661384,16,11486,32,347683288,16,11492,4832
350039504,17,12130,32,350060118,17,12136,4832
352400880,18,12769,32,352419958,18,12774,4832
354741384,19,13402,32,354760004,19,13407,5024
357108288,20,14043,32,357126456,20,14047,5024
359536632,21,14700,32,359556526,21,14705,4928
361913596,22,15343,32,361933282,22,15348,4928
364250974,23,15975,32,364270282,23,15980,5024
366573300,24,16603,32,366591880,24,16608,5024
368930508,25,17241,32,368950454,25,17247,5216
371264918,26,17873,32,371282734,26,17878,5216
373622592,27,18511,32,373640384,27,18516,5216
376040874,28,19165,32,376058528,28,19170,5216
378421910,29,19809,32,378442268,29,19815,5216
380758140,30,20441,32,380777710,30,20447,5216
383118050,31,21080,32,383136500,31,21085,5216
385474490,32,21717,32,385491570,32,21722,5216
387860508,33,22363,32,387878574,33,22368,5216
390286056,34,23019,32,390303040,34,23024,5216
392659584,35,23661,32,392676660,35,23666,5216
394997354,36,24294,32,395013844,36,24298,5408
397297220,37,24916,32,397311864,37,24920,5856
399673834,38,25559,32,399690344,38,25564,5728
402019640,39,26194,32,402034912,39,26198,5728
404412864,40,26841,32,404428622,40,26846,5728
406791180,41,27485,32,406806406,41,27489,5728
409187438,42,28133,32,409202804,42,28137,5728
411576326,43,28780,32,411591684,43,28784,5696
413968568,44,29427,32,413983990,44,29431,5696
416347924,45,30070,32,416363520,45,30075,5696
418755626,46,30722,32,418771968,46,30726,5696
421061264,47,31346,32,421076332,47,31350,5856
423384258,48,31974,32,423400914,48,31979,5696
425700702,49,32601,32,425718274,49,32606,5696
428123160,50,33256,32,428139818,50,33261,5696
430445952,51,33885,32,430461818,51,33889,5696
432833958,52,34531,32,432848532,52,34535,5952
435187782,53,35168,32,435202724,53,35172,5952
437563816,54,35811,32,437579558,54,35815,5824
439917908,55,36448,32,439932806,55,36452,5824
442304212,56,37093,32,442318880,56,37097,5824
444667370,57,37733,32,444682418,57,37737,5824
446998860,58,38364,32,447013626,58,38368,5824
449395048,59,39012,32,449409834,59,39016,5824
451734156,60,39645,32,451749896,60,39649,5824
454116762,61,40289,32,454132042,61,40294,5856
456497614,62,40934,32,456512406,62,40938,5856
458889410,63,41580,32,458904428,63,41585,5856
461251536,64,42220,32,461266356,64,42224,6016
463591324,65,42853,32,463605856,65,42857,6016
465969710,66,43496,32,465983454,66,43500,6016
468298286,67,44126,32,468312922,67,44130,6016
470686376,68,44772,32,470701178,68,44777,6016
473069598,69,45417,32,473083624,69,45421,6016
475456820,70,46063,32,475470756,70,46067,6016
477879880,71,46719,32,477894360,71,46723,6016
480254926,72,47361,32,480269128,72,47365,6016
482650580,73,48010,32,482664314,73,48013,6016
485103338,74,48673,32,485118880,74,48677,6016
487471234,75,49313,32,487487186,75,49318,6080
489778566,76,49938,32,489792304,76,49942,6080
492074826,77,50559,32,492088434,77,50563,6080
494500764,78,51216,32,494514278,78,51220,6080
496856376,79,51853,32,496870316,79,51857,6080
3395832266,0,791,32,3395847054,0,795,5312
3396959762,1,1096,32,3396972956,1,1099,5312
3398127924,2,1412,32,3398140258,2,1415,5312
3399282340,3,1724,32,3399294786,3,1727,5312
3400475692,4,2047,32,3400488162,4,2050,5312
3401635092,5,2361,32,3401647292,5,2364,5312
3402796714,6,2675,32,3402808604,6,2678,5312
3403953138,7,2988,32,3403965642,7,2991,5312
3405156442,8,3313,32,3405169152,8,3317,5312
3406315574,9,3627,32,3406327840,9,3630,5312
3407480170,10,3942,32,3407492300,10,3945,5280
3408639052,11,4256,32,3408652016,11,4259,5248
3409802936,12,4571,32,3409815414,12,4574,5248
3410964534,13,4885,32,3410977102,13,4888,5248
3412121584,14,5198,32,3412133676,14,5201,5248
3413287684,15,5513,32,3413300612,15,5517,5248
3414440784,16,5825,32,3414452682,16,5829,5248
3415598148,17,6139,32,3415610526,17,6142,5248
3416773484,18,6457,32,3416785736,18,6460,5184
3417933798,19,6770,32,3417946752,19,6774,5184
3419138644,20,7096,32,3419152072,20,7100,5184
3420328528,21,7418,32,3420340874,21,7422,5344
3421493774,22,7734,32,3421505688,22,7737,5344
3422653486,23,8047,32,3422665208,23,8051,5344
3423821628,24,8363,32,3423833646,24,8367,5344
3424989590,25,8680,32,3425000800,25,8683,5536
3426158762,26,8996,32,3426169692,26,8999,5568
3427335776,27,9314,32,3427346878,27,9317,5568
3428504000,28,9630,32,3428514366,28,9633,5568
3429672578,29,9947,32,3429683354,29,9950,5568
3430833688,30,10261,32,3430844598,30,10264,5568
3431999144,31,10576,32,3432010174,31,10579,5568
3433717242,32,11040,32,3433739500,32,11047,5568
3435824160,33,11611,32,3435841394,33,11616,5568
3437600196,34,12091,32,3437612648,34,12095,5568
3438776428,35,12410,32,3438788268,35,12413,5568
3439935282,36,12723,32,3439946398,36,12726,5568
3441113102,37,13042,32,3441123934,37,13045,5568
3442281456,38,13358,32,3442292020,38,13361,5568
3443454870,39,13676,32,3443465700,39,13678,5472
3444637038,40,13995,32,3444648014,40,13998,5472
3445801548,41,14310,32,3445812480,41,14313,5472
3446969786,42,14627,32,3446980952,42,14630,5472
3448128772,43,14940,32,3448139718,43,14943,5472
3449345928,44,15269,32,3449357790,44,15273,5472
3450526132,45,15589,32,3450537122,45,15592,5472
3451696324,46,15905,32,3451707116,46,15908,5472
3452870666,47,16223,32,3452881600,47,16226,5472
3454038914,48,16539,32,3454049738,48,16542,5472
3455205428,49,16855,32,3455216182,49,16858,5472
3456366264,50,17169,32,3456377188,50,17172,5472
3457533120,51,17485,32,3457544150,51,17488,5472
3458702590,52,17801,32,3458713470,52,17804,5472
3459921110,53,18131,32,3459932380,53,18134,5472
3461091852,54,18447,32,3461103764,54,18451,5280
3462261022,55,18764,32,3462272568,55,18767,5280
3463420086,56,19077,32,3463431790,56,19081,5280
3464609228,57,19399,32,3464620946,57,19402,5344
3465806706,58,19723,32,3465820774,58,19727,5472
3467015920,59,20050,32,3467027550,59,20053,5472
3468184896,60,20367,32,3468196294,60,20370,5472
3469351592,61,20682,32,3469363210,61,20685,5472
3470519298,62,20998,32,3470530678,62,21001,5472
3471686678,63,21314,32,3471698712,63,21317,5408
3472844722,64,21627,32,3472856676,64,21631,5344
3474012628,65,21943,32,3474024520,65,21947,5344
3475176174,66,22258,32,3475187688,66,22261,5344
3476342890,67,22574,32,3476355024,67,22577,5344
3477514272,68,22891,32,3477525928,68,22894,5344
3478721162,69,23217,32,3478733438,69,23221,5344
3479927090,70,23544,32,3479939164,70,23547,5344
3481080826,71,23856,32,3481092586,71,23859,5344
3482255802,72,24174,32,3482267560,72,24177,5344
3483421778,73,24489,32,3483433432,73,24492,5344
3484587050,74,24804,32,3484598578,74,24808,5344
3485750948,75,25119,32,3485762560,75,25122,5344
3486916400,76,25435,32,3486933134,76,25439,5152
3488090872,77,25752,32,3488103430,77,25756,5152
3489811286,78,26217,32,3489830130,78,26223,5152
3491119418,79,26572,32,3491133768,79,26576,5152
3492288062,80,26888,32,3492300708,80,26891,5216
2102582350,0,812,32,2102599862,0,816,4416
2103714666,1,1118,32,2103730420,1,1122,4416
2104860860,2,1428,32,2104875782,2,1432,4320
2106002852,3,1737,32,2106017824,3,1741,4320
2107147804,4,2047,32,2107162240,4,2051,4320
2108297612,5,2358,32,2108312424,5,2362,4320
2109441004,6,2667,32,2109456672,6,2672,4064
2110584248,7,2977,32,2110599898,7,2981,4064
2111765924,8,3296,32,2111781862,8,3301,4064
2112911076,9,3606,32,2112927326,9,3611,4064
2114055134,10,3916,32,2114070878,10,3920,4064
2115200094,11,4225,32,2115215894,11,4230,4064
2116341776,12,4534,32,2116356894,12,4538,4064
2117489396,13,4845,32,2117504786,13,4849,4320
2118646490,14,5158,32,2118661172,14,5162,4416
2119793652,15,5468,32,2119807920,15,5472,4416
2120946728,16,5780,32,2120961806,16,5784,4256
2122091046,17,6090,32,2122105878,17,6094,4256
2123231452,18,6398,32,2123246188,18,6402,4256
2124387038,19,6711,32,2124401678,19,6715,4256
2125536310,20,7022,32,2125550540,20,7026,4480
2126720598,21,7342,32,2126735658,21,7347,4480
2127890094,22,7659,32,2127904236,22,7663,4512
2129043380,23,7971,32,2129057736,23,7975,4512
2130208598,24,8286,32,2130223446,24,8290,4320
2131365788,25,8599,32,2131381102,25,8603,4320
2132510884,26,8909,32,2132525344,26,8913,4320
2133664700,27,9221,32,2133679612,27,9225,4320
2134825162,28,9535,32,2134839436,28,9539,4480
2135977010,29,9847,32,2135991248,29,9851,4480
2137203904,30,10179,32,2137219696,30,10183,4480
2138368846,31,10494,32,2138383054,31,10498,4480
2139541778,32,10811,32,2139560424,32,10816,4320
2141015144,33,11209,32,2141044960,33,11218,4320
2142334482,34,11567,32,2142356816,34,11573,4320
2143888240,35,11987,32,2143910216,35,11993,4320
2146208202,36,12615,32,2146229276,36,12621,4320
2148519576,37,13240,32,2148540350,37,13246,4320
2150822838,38,13864,32,2150843546,38,13869,4320
2153135050,39,14489,32,2153156274,39,14495,4320
2155435398,40,15112,32,2155455858,40,15117,4320
2157770344,41,15743,32,2157791202,41,15749,4320
2160071822,42,16366,32,2160092808,42,16372,4320
2162368860,43,16988,32,2162389896,43,16993,4320
2164676020,44,17612,32,2164696776,44,17617,4320
2166987458,45,18237,32,2167008616,45,18243,4320
2169309392,46,18865,32,2169330204,46,18871,4320
2171622440,47,19491,32,2171642022,47,19497,4320
2172833776,48,19819,32,2172848702,48,19823,4320
2173990488,49,20132,32,2174005386,49,20136,4320
2175146354,50,20445,32,2175160792,50,20449,4320
2176296374,51,20756,32,2176311162,51,20760,4320
2177445442,52,21067,32,2177459954,52,21071,4320
2178595384,53,21378,32,2178610510,53,21382,4320
2179735822,54,21686,32,2179749922,54,21690,4320
2180892496,55,21999,32,2180906730,55,22003,4448
2182041286,56,22310,32,2182055956,56,22314,4416
2183191606,57,22621,32,2183205868,57,22625,4416
2184343776,58,22933,32,2184358064,58,22937,4416
2185530406,59,23254,32,2185546064,59,23258,4416
2186695018,60,23569,32,2186709396,60,23573,4416
2187840064,61,23879,32,2187854674,61,23883,4416
2188995872,62,24192,32,2189009976,62,24196,4416
2190145908,63,24503,32,2190160178,63,24507,4416
2191291636,64,24813,32,2191305700,64,24817,4416
2192453268,65,25127,32,2192467670,65,25131,4416
2193606214,66,25439,32,2193620190,66,25443,4416
2194994102,67,25815,32,2195009782,67,25819,4416
2196209934,68,26144,32,2196229240,68,26149,4416
2197438240,69,26476,32,2197458538,69,26482,4416
2198639280,70,26801,32,2198659834,70,26807,4416
2199856508,71,27130,32,2199878020,71,27136,4416
2201064598,72,27457,32,2201085174,72,27463,4416
2202254768,73,27779,32,2202274636,73,27785,4416
2203454700,74,28104,32,2203476414,74,28110,4128
2204640682,75,28425,32,2204663010,75,28431,4128
2205827034,76,28746,32,2205852808,76,28753,4128
2207013644,77,29067,32,2207035474,77,29073,4128
2208208524,78,29390,32,2208230360,78,29396,4128
2209396902,79,29712,32,2209418058,79,29717,4288
2210595516,80,30036,32,2210616274,80,30042,4288
2211780420,81,30356,32,2211801404,81,30362,4288
2212975094,82,30680,32,2212996388,82,30686,4288
2214156730,83,30999,32,2214177894,83,31005,4288
2215375174,84,31329,32,2215396808,84,31335,4288
2216572122,85,31653,32,2216593920,85,31659,4288
2217763564,86,31975,32,2217784234,86,31981,4288
2218971466,87,32302,32,2218992724,87,32308,4288
2220169116,88,32626,32,2220189746,88,32632,4288
2221359568,89,32948,32,2221380444,89,32954,4288
2222543402,90,33269,32,2222563824,90,33274,4288
2223750812,91,33595,32,2223772066,91,33601,4288
2224944562,92,33918,32,2224965900,92,33924,4288
2226142640,93,34242,32,2226163904,93,34248,4288
2227333472,94,34565,32,2227354460,94,34570,4288
2228517826,95,34885,32,2228538410,95,34891,4288
2229745290,96,35217,32,2229766666,96,35223,4288
2230928738,97,35537,32,2230949900,97,35543,4288
2232123604,98,35861,32,2232144268,98,35866,4288
2233315364,99,36183,32,2233336604,99,36189,4256
2234509998,100,36506,32,2234531504,100,36512,4256
950620586,0,1112,32,950643214,0,1118,4704
951825164,1,1438,32,951846562,1,1444,4704
953030484,2,1764,32,953051422,2,1770,4704
954217840,3,2085,32,954237972,3,2091,4704
955401876,4,2406,32,955422424,4,2411,4704
956608786,5,2732,32,956629062,5,2738,4704
957812970,6,3058,32,957833512,6,3064,4608
959045248,7,3392,32,959066006,7,3397,4608
960261292,8,3721,32,960281338,8,3726,4608
961466944,9,4047,32,961486476,9,4052,4608
962685994,10,4377,32,962707432,10,4382,4608
963898052,11,4705,32,963918790,11,4710,4608
965119104,12,5035,32,965137330,12,5040,4768
966414884,13,5385,32,966434994,13,5391,4768
967616110,14,5711,32,967635912,14,5716,4768
968819682,15,6036,32,968838792,15,6041,4768
970022944,16,6362,32,970042304,16,6367,4800
971228980,17,6688,32,971248346,17,6693,4800
972439004,18,7015,32,972457672,18,7021,4800
973646962,19,7342,32,973665984,19,7347,4800
974850260,20,7668,32,974869204,20,7673,4800
976070068,21,7998,32,976089774,21,8003,4800
977294334,22,8329,32,977314710,22,8334,4800
978504654,23,8657,32,978524218,23,8662,4800
979719272,24,8985,32,979738596,24,8990,4800
980973918,25,9324,32,980991906,25,9330,4800
982181246,26,9651,32,982200534,26,9657,4800
983409906,27,9984,32,983428514,27,9989,4800
984612874,28,10309,32,984631960,28,10314,4800
985843866,29,10642,32,985862610,29,10647,4800
987050010,30,10969,32,987069644,30,10974,4800
988421070,31,11338,32,988443728,31,11346,4800
989747266,32,11698,32,989766624,32,11704,4800
991031570,33,12046,32,991053454,33,12052,4800
992436474,34,12426,32,992456264,34,12431,4800
994843488,35,13077,32,994864188,35,13083,4608
997184344,36,13711,32,997204738,36,13716,4608
999511464,37,14340,32,999530948,37,14346,4608
1001814654,38,14963,32,1001834674,38,14969,4608
1004137912,39,15592,32,1004158890,39,15598,4608
1006446870,40,16217,32,1006466902,40,16222,4608
1008804344,41,16854,32,1008824492,41,16860,4608
1011142580,42,17487,32,1011163964,42,17493,4608
1013448920,43,18111,32,1013468252,43,18116,4736
1015775076,44,18741,32,1015794632,44,18746,4736
1018119256,45,19375,32,1018141584,45,19381,4736
1020518074,46,20024,32,1020541386,46,20030,4896
1022452166,47,20547,32,1022475978,47,20554,4896
1023689998,48,20882,32,1023708664,48,20887,4896
1024955102,49,21224,32,1024974294,49,21230,4896
1026169786,50,21553,32,1026188758,50,21558,4896
1027373644,51,21879,32,1027391106,51,21883,4992
1028567640,52,22202,32,1028584820,52,22206,4992
1029778470,53,22529,32,1029795944,53,22534,4992
1030981134,54,22855,32,1030998948,54,22860,4992
1032192794,55,23183,32,1032210528,55,23187,4992
1033399822,56,23509,32,1033417476,56,23514,4992
1034600374,57,23834,32,1034618076,57,23839,4992
1035800856,58,24159,32,1035819722,58,24164,4992
1036990300,59,24481,32,1037007358,59,24485,4992
1038202228,60,24808,32,1038220002,60,24813,4992
1039424848,61,25139,32,1039441976,61,25144,5184
1040634350,62,25466,32,1040651298,62,25471,5184
1041837334,63,25792,32,1041854132,63,25797,5184
1043041550,64,26118,32,1043058506,64,26122,5184
1044249722,65,26445,32,1044266902,65,26449,5184
1045814382,66,26818,32,1045828046,66,26822,5184
1047035892,67,27148,32,1047049088,67,27152,5184
1048208098,68,27466,32,1048219944,68,27469,5216
1049378050,69,27782,32,1049389972,69,27786,5216
1050542246,70,28097,32,1050553544,70,28100,5216
1051706134,71,28412,32,1051718876,71,28416,5216
1052916028,72,28739,32,1052934920,72,28745,4960
1054151944,73,29074,32,1054170214,73,29079,4960
1055468124,74,29430,32,1055487420,74,29435,4800
1056769406,75,29782,32,1056791176,75,29788,4800
1057999288,76,30115,32,1058019032,76,30120,4800
1059203684,77,30441,32,1059222834,77,30446,4800
1060412276,78,30767,32,1060430954,78,30773,4896
1061615156,79,31093,32,1061633340,79,31098,4896
1062811764,80,31417,32,1062830124,80,31422,4896
1064018478,81,31743,32,1064037650,81,31749,4896
1065213862,82,32067,32,1065231374,82,32072,4928
1066423666,83,32394,32,1066442102,83,32399,4928
1067628670,84,32720,32,1067647600,84,32725,4928
1068866054,85,33055,32,1068884438,85,33060,4928
1070069592,86,33381,32,1070087974,86,33386,4928
1071265956,87,33704,32,1071284714,87,33709,4928
1072468186,88,34030,32,1072486650,88,34035,4928
1073676168,89,34356,32,1073694788,89,34361,4960
536252064,0,926,32,536273498,0,931,4864
537473956,1,1256,32,537493212,1,1261,4864
538676060,2,1581,32,538695092,2,1587,4864
539889450,3,1910,32,539908706,3,1915,4864
541095592,4,2236,32,541113920,4,2241,4864
542306794,5,2564,32,542326296,5,2569,4864
543518806,6,2892,32,543536684,6,2897,4864
544813362,7,3242,32,544831646,7,3247,4864
546028534,8,3571,32,546046894,8,3576,4896
547244970,9,3900,32,547263022,9,3905,5024
548470850,10,4231,32,548488828,10,4236,5024
549688018,11,4561,32,549706800,11,4566,5024
550901284,12,4889,32,550919014,12,4894,5024
552099600,13,5213,32,552117358,13,5218,5024
553307862,14,5540,32,553325814,14,5545,4800
554538028,15,5873,32,554557798,15,5879,4800
555751464,16,6201,32,555769670,16,6206,4800
556964208,17,6530,32,556982208,17,6534,4928
558206092,18,6865,32,558224506,18,6871,4928
559486482,19,7212,32,559504778,19,7217,4928
560683862,20,7536,32,560701276,20,7541,4928
561914986,21,7869,32,561932728,21,7874,4928
563139314,22,8200,32,563156892,22,8205,4928
564343758,23,8526,32,564361888,23,8531,4928
565556458,24,8854,32,565574080,24,8859,4928
566762898,25,9181,32,566781042,25,9186,4928
567985678,26,9512,32,568002606,26,9516,5120
569259240,27,9856,32,569276928,27,9861,5120
570475114,28,10185,32,570492276,28,10190,5120
571708312,29,10519,32,571726736,29,10524,4960
572916370,30,10846,32,572934166,30,10850,4960
574363588,31,11237,32,574389818,31,11244,4960
575769480,32,11618,32,575789550,32,11623,4960
577042938,33,11962,32,577060768,33,11967,4960
578756222,34,12426,32,578775090,34,12431,4960
581046714,35,13045,32,581065088,35,13050,4960
583353042,36,13669,32,583371640,36,13674,4960
585673070,37,14297,32,585690962,37,14302,4960
587905324,38,14901,32,587924424,38,14906,4960
590252418,39,15536,32,590270864,39,15541,4960
592569250,40,16163,32,592588368,40,16168,4800
594901026,41,16794,32,594920102,41,16799,4800
597195170,42,17415,32,597214826,42,17420,4800
599517720,43,18043,32,599535644,43,18048,5056
601835914,44,18670,32,601854284,44,18675,5056
604189700,45,19307,32,604207718,45,19312,5056
606492054,46,19930,32,606509104,46,19935,5056
608276660,47,20413,32,608295936,47,20418,5056
609542288,48,20755,32,609559810,48,20760,5056
610821738,49,21101,32,610839670,49,21106,5056
612034122,50,21429,32,612051892,50,21434,5056
613245926,51,21757,32,613264646,51,21762,5056
614456948,52,22085,32,614474352,52,22090,5056
615664366,53,22412,32,615682292,53,22417,5056
616869044,54,22738,32,616886768,54,22742,5088
618182884,55,23093,32,618199954,55,23098,5088
619400016,56,23422,32,619417810,56,23427,5088
620616682,57,23752,32,620634576,57,23756,5088
621875552,58,24092,32,621892982,58,24097,5184
623101318,59,24424,32,623118824,59,24429,5184
624324988,60,24755,32,624342114,60,24760,5216
625557200,61,25088,32,625574330,61,25093,5216
626787354,62,25421,32,626805010,62,25426,5216
628080418,63,25770,32,628097816,63,25776,5216
629343178,64,26113,32,629359544,64,26117,5216
630560808,65,26442,32,630577972,65,26447,5216
631785210,66,26773,32,631802214,66,26778,5216
633047198,67,27115,32,633065048,67,27120,5088
634288112,68,27450,32,634305830,68,27455,5088
635548220,69,27791,32,635568030,69,27797,5088
636819306,70,28135,32,636841146,70,28141,5088
638091136,71,28479,32,638108828,71,28484,5088
639364228,72,28824,32,639382180,72,28829,5088
640799794,73,29194,32,640820068,73,29200,5024
642251948,74,29566,32,642269984,74,29571,5024
643683300,75,29935,32,643699414,75,29940,5024
645134430,76,30310,32,645192956,76,30322,5024
646595266,77,30685,32,646613386,77,30690,5024
648122488,78,31080,32,648141656,78,31085,5024
649552388,79,31450,32,649577288,79,31457,5088
650980692,80,31820,32,650997770,80,31825,4992
652399400,81,32188,32,652418006,81,32193,4992
653834794,82,32558,32,653852666,82,32563,4992
655265132,83,32928,32,655284174,83,32933,4992
656682992,84,33295,32,656701400,84,33300,4992
658103400,85,33664,32,658122496,85,33669,4992
659358888,86,34000,32,659377310,86,34005,4992
660735026,87,34359,32,660753326,87,34364,4992
